MAP: 0.251857755669
MRR: 0.533389800146