MAP: 0.280042903977
MRR: 0.706666702161