MAP: 0.023318382732499757
MRR: 0.03848869491632055