MAP: 0.184273139689695e-05
MRR: 0.0023286558213028797