MAP: 0.01890067393414712
MRR: 0.09728450340468349