MAP: 0.22095915347771455
MRR: 0.4892871550824801