MAP: 0.16693418199205945
MRR: 0.40326475612590607