MAP: 0.250852105777
MRR: 0.545882532903