MAP: 0.001288346034499171
MRR: 0.01746967487736257