MAP: 0.15355607899716534
MRR: 0.4670102653957596